Bangkok,17846,21550,109337
SamutPrakan,12421,17146,53176
Nonthaburi,23365,36888,410534
PathumThani,12091,15539,31006  
PhraNakhonSiAyutthaya,10188,11376,44362
AngThong,8063,11414,27516
LopBuri,6848,9331,20082
SingBuri,9863,9525,59349
ChaiNat,9034,9575,50200
Saraburi,8665,10582,50106
ChonBuri,11107,12223,20704
Rayong,11530,13254,83654
Chanthaburi,9832,12411,63782
Trat,10798,11696,104099
Chachoengsao,12356,11820,70484
PrachinBuri,6110,8117,23886
NakhonNayok,9228,9526,46888
SaKaeo,6728,7189,24182
Ratchaburi,11219,12621,69339
Kanchanaburi,9710,10230,42212
SuphanBuri,6643,7427,28717
NakhonPathom,12286,14737,72240
SamutSakhon,11699,15997,40752
SamutSongkhram,9145,10925,21083
Phetchaburi,7913,10591,28964
PrachuapKhiriKhan,8912,7923,57266
ChiangMai,9040,9806,48202
Lamphun,7148,8735,53693
Lampang,6708,8208,26641
Uttaradit,6546,8181,22457
Phrae,5418,8261,30314
Nan,6663,6913,46083
Phayao,5910,6129,40449
ChiangRai,7302,7955,30086
MaeHongSon,5045,6187,26672
NakhonSawan,8991,8551,48849
UthaiThani,6551,8203,66733
KamphaengPhet,7258,8142,39060
Tak,6920,7604,49127
Sukhothai,5482,8321,24440
Phitsanulok,5523,7586,17240
Phichit,7918,10324,43896
Phetchabun,5225,8204,52918
NakhonRatchasima,7402,8803,34958
BuriRam,6452,6446,29777
Surin,6961,6517,33284
SiSaKet,7094,7149,58402
UbonRatchathani,5750,6950,38817
Yasothon,5990,6582,44327
Chaiyaphum,4902,7166,20995
AmnatCharoen,6477,7027,49343
Bungkan,0,0,0
NongBuaLamPhu,6514,7147,37228
KhonKaen,7442,9438,52988
UdonThani,7503,7766,37199
Loei,6607,6875,36416
NongKhai,8174,8733,21101
MahaSarakham,5098,5171,21160
RoiEt,6690,6746,35157
Kalasin,6648,6079,26005
SakonNakhon,6143,7747,36284
NakhonPhanom,5535,6196,24448
Mukdahan,6905,7454,50882
NakhonSiThammarat,9328,9681,47638
Krabi,8757,8758,49768
Phangnga,7115,8696,19256
Phuket,14006,15437,52780
SuratThani,10157,12771,28747
Ranong,9258,9359,60873
Chumphon,8849,9874,67863
Songkhla,9042,11089,36052
Satun,8015,8977,2422
Trang,9966,11733,59929
Phattalung,8156,8474,29028
Pattani,6363,6876,31139
Yala,6687,7115,14418
Narathiwat,7016,6715,18097